$ 1 0.000005 10.20027730826997 50 5 50
r 144 304 144 400 0 1000
c 144 400 144 480 0 0.000001 0.7921580689676165
r 144 480 144 560 0 1000
c 208 480 208 560 0 0.000001 0.19344871759260204
a 320 464 432 464 0 3.3 -3.3 1000000
r 272 560 272 448 0 1000
w 144 480 208 480 0
w 208 480 320 480 0
r 272 448 272 352 0 1000
r 272 352 272 256 0 1100
d 336 352 336 256 1 0.805904783
d 368 256 368 352 1 0.805904783
w 144 304 144 256 0
w 144 256 272 256 0
w 336 256 368 256 0
w 336 256 272 256 0
w 272 352 336 352 0
w 336 352 368 352 0
w 368 256 432 256 0
w 432 256 432 464 0
w 272 448 320 448 0
w 144 560 208 560 0
w 208 560 272 560 0
g 272 560 272 592 0
a 608 480 736 480 0 3.3 -3.3 1000000
g 560 576 560 592 0
w 560 576 560 496 0
w 560 496 608 496 0
r 432 464 608 464 0 2000
w 736 400 736 480 0
w 608 400 608 464 0
w 736 480 800 480 0
x 215 165 372 168 0 24 Wien-Oszilator
x 578 207 748 210 0 24 inv. Verstärkung
a 896 496 992 496 0 3.3 -3.3 1000000
d 992 416 896 416 1 0.805904783
d 1088 496 992 496 1 0.805904783
r 896 480 800 480 0 20000
g 896 512 896 592 0
r 896 384 1088 384 0 20000
r 800 336 1184 336 0 20000
w 1184 336 1184 496 0
w 1088 384 1088 496 0
w 992 416 992 496 0
w 896 416 896 480 0
w 896 384 896 416 0
w 800 336 800 480 0
w 1184 496 1248 496 0
a 1248 512 1360 512 0 3.3 -3.3 1000000
g 1248 528 1248 592 0
w 1248 368 1248 432 0
w 1248 432 1248 496 0
w 1360 432 1360 512 0
w 1360 368 1360 432 0
x 978 206 1190 209 0 24 Vollweggleichrichter
r 1088 496 1184 496 0 10000
r 608 400 736 400 0 2200
r 1248 368 1360 368 0 20000
O 432 256 480 256 0
c 1248 432 1360 432 0 0.000009999999999999999 -1.3286915635375645
O 1360 512 1440 512 1
x 648 367 732 370 0 24 set gain
x 1390 436 1526 439 0 24 set LowPass
x 137 593 154 596 0 24 R
x 202 591 219 594 0 24 C
x 90 361 107 364 0 24 R
x 91 448 108 451 0 24 C
x 229 200 361 203 0 24 1/2 * pi * RC
o 31 64 0 43 10 0.00078125 0 -1
o 58 64 0 34 2.5 0.00009765625 0 -1
o 60 64 0 550 5 0.00009765625 1 -1
